148.732996 -0.000568725 0.0204713 0.105 -0.00398514 -0.00164758 -0.000898834 0.99999
148.832996 -0.0017792 0.0239483 0.16916 -0.000780633 -0.00234805 -0.00104316 0.999996
148.932996 0.00217411 0.0259599 0.18317 0.00286557 -0.007767 -0.000742958 0.999965
149.036996 0.00453201 0.0238101 0.149943 9.07876e-05 -0.00805533 -0.000577949 0.999967
149.132996 0.00574218 0.0200877 0.115355 -0.00517149 -0.00501457 -0.000656174 0.999974
149.232996 0.0018944 0.0187258 0.0975967 -0.00746581 -0.000539038 -0.000975204 0.999972
149.332996 -0.00245444 0.0204775 0.0998303 -0.00602443 0.000752552 -0.00110587 0.999981
149.432996 -0.00257958 0.0228968 0.119632 -0.00225401 -0.00055424 -0.000901971 0.999997
149.532996 0.00197718 0.0245996 0.14028 0.00124284 -0.00377478 -0.000699603 0.999992
149.632996 0.00528584 0.0241679 0.144858 0.00114581 -0.00521405 -0.000670121 0.999986
149.736996 0.00456872 0.0230468 0.136977 -0.00158317 -0.00436734 -0.000773594 0.999989
149.836996 0.00367528 0.0221696 0.127755 -0.00364516 -0.00325067 -0.000851584 0.999988
149.932996 0.00285867 0.0212869 0.117946 -0.00471186 -0.00234073 -0.000925835 0.999986
150.032996 0.00109016 0.0222052 0.116724 -0.00330234 -0.00134796 -0.000873777 0.999993
150.132996 -0.00014944 0.0227637 0.119671 -0.00260467 -0.000461743 -0.000859327 0.999996
150.232996 0.000388732 0.0234522 0.124712 -0.00175993 -0.00078462 -0.000903522 0.999998
150.332996 0.00276823 0.0242652 0.136117 -0.000439132 -0.00362484 -0.000899332 0.999993
150.432996 0.00261994 0.0243058 0.139784 -0.000466696 -0.00484592 -0.000875524 0.999988
150.532996 0.00171799 0.0242035 0.138058 -0.00134809 -0.00479346 -0.000806686 0.999987
150.632996 0.00203621 0.0239498 0.135892 -0.0017609 -0.00415031 -0.000788663 0.99999
150.732996 0.00242173 0.0238481 0.132866 -0.00166601 -0.00309268 -0.000845297 0.999993
150.828996 0.00233124 0.0238485 0.131296 -0.00174924 -0.00260732 -0.000920347 0.999995
150.932996 0.0020399 0.0240723 0.133507 -0.00146374 -0.00283703 -0.000900673 0.999994
151.032996 0.00206697 0.0245602 0.135445 -0.000984118 -0.00367226 -0.000865888 0.999992
151.132996 0.00149252 0.0249046 0.137106 -0.000810138 -0.00434128 -0.000822064 0.99999
151.240996 0.00108554 0.0250282 0.136605 -0.000769216 -0.0046186 -0.000802593 0.999989
151.332996 0.00146926 0.024518 0.136146 -0.00125017 -0.00420947 -0.000866998 0.99999
151.432996 0.00249403 0.0241449 0.136404 -0.0017137 -0.00367331 -0.000900732 0.999991
151.532996 0.00347319 0.0241005 0.135479 -0.00192491 -0.00322733 -0.000883824 0.999993
151.632996 0.00361761 0.0243724 0.134405 -0.00176197 -0.00302741 -0.000826366 0.999994
151.740996 0.00280626 0.0245482 0.13442 -0.00142602 -0.00317235 -0.000823695 0.999994
151.832996 0.00166758 0.0248421 0.133883 -0.0010488 -0.0035492 -0.000872625 0.999993
151.932996 0.000797773 0.0251462 0.134836 -0.000765568 -0.00381182 -0.000895565 0.999992
152.032996 0.000865666 0.0253036 0.135542 -0.000775177 -0.00377211 -0.000891252 0.999992
152.132996 0.0015795 0.0250062 0.134481 -0.00135715 -0.00335563 -0.00085986 0.999993
152.232996 0.00210063 0.0249178 0.13424 -0.00168872 -0.00285736 -0.000863023 0.999994
152.332996 0.00185744 0.0250566 0.133702 -0.00153759 -0.00261089 -0.000903114 0.999995
152.432996 0.00121505 0.0250743 0.134057 -0.00135997 -0.00274433 -0.000944252 0.999995
152.536996 0.00127232 0.0253659 0.135281 -0.00107862 -0.00366192 -0.000915958 0.999992
152.632996 0.00171908 0.0257588 0.137006 -0.000972435 -0.00430027 -0.000822542 0.99999
152.732996 0.00218788 0.025871 0.137232 -0.00106677 -0.00428499 -0.000809656 0.99999
152.832996 0.002218 0.0255959 0.136903 -0.00139081 -0.00398966 -0.000889209 0.999991
152.932996 0.00204484 0.0252606 0.136251 -0.00181203 -0.00361276 -0.000956583 0.999991
153.032996 0.00185085 0.0250929 0.133808 -0.00199863 -0.00301206 -0.000930516 0.999993
153.132996 0.00208962 0.0253859 0.131299 -0.00183123 -0.00258713 -0.000837921 0.999995
153.232996 0.00204701 0.0258777 0.132027 -0.00152659 -0.00270563 -0.000799787 0.999995
153.332996 0.00185305 0.0260834 0.134925 -0.00111521 -0.00343273 -0.000849522 0.999993
153.432996 0.00182881 0.0259954 0.138575 -0.000902702 -0.0042011 -0.000874198 0.99999
153.540996 0.0022944 0.0260624 0.138455 -0.00074843 -0.00457657 -0.000883068 0.999989
153.632996 0.00280814 0.0257323 0.136758 -0.00157629 -0.0042849 -0.00090263 0.999989
153.732996 0.00327826 0.025438 0.133896 -0.00244414 -0.00379893 -0.000832231 0.999989
153.832996 0.00355261 0.0256335 0.133609 -0.00208146 -0.00364889 -0.000759236 0.999991
153.932996 0.00327926 0.0258689 0.134206 -0.00163907 -0.00326359 -0.000847817 0.999993
154.032996 0.00270724 0.026001 0.133666 -0.00130241 -0.00268751 -0.000940041 0.999995
154.132996 0.00202167 0.0260676 0.132933 -0.00131391 -0.00248322 -0.00092333 0.999996
154.232996 0.00156694 0.0262792 0.133292 -0.00135506 -0.00265007 -0.000895206 0.999995
154.332996 0.00186603 0.0264346 0.133287 -0.00127057 -0.00293642 -0.000864327 0.999995
154.432996 0.00217759 0.0266025 0.132541 -0.0012394 -0.00316978 -0.000918961 0.999994
154.532996 0.00218834 0.0265167 0.1319 -0.00129946 -0.00323528 -0.000950781 0.999993
154.632996 0.00177129 0.0264271 0.131662 -0.00139768 -0.00291523 -0.000961237 0.999994
154.732996 0.00175552 0.0266355 0.131688 -0.00123192 -0.00269341 -0.000964968 0.999995
154.832996 0.00185838 0.0267839 0.131874 -0.00113524 -0.00264754 -0.000962528 0.999995
154.932996 0.00214037 0.0267896 0.132562 -0.00120539 -0.0028242 -0.000934187 0.999995
155.032996 0.00264709 0.0267921 0.132813 -0.00126798 -0.00296742 -0.000911305 0.999994
155.132996 0.00275104 0.0268095 0.132715 -0.00125207 -0.00305197 -0.000925436 0.999994
155.232996 0.0024799 0.0267888 0.132764 -0.00138697 -0.00283735 -0.000955124 0.999995
155.332996 0.00241283 0.0267411 0.132697 -0.0015883 -0.00262258 -0.00094253 0.999995
155.432996 0.00250852 0.0268334 0.133052 -0.00153278 -0.00252923 -0.000921572 0.999995
155.532996 0.0026754 0.0270933 0.132837 -0.00130377 -0.00277537 -0.000928719 0.999995
155.632996 0.00255252 0.0272118 0.132769 -0.00131401 -0.00305968 -0.000922211 0.999994
155.732996 0.00241493 0.0272753 0.132866 -0.00140902 -0.00340485 -0.000916387 0.999993
155.832996 0.00254358 0.0272303 0.132975 -0.001581 -0.0036914 -0.000890987 0.999992
155.932996 0.00309584 0.0272893 0.132755 -0.00156539 -0.00392992 -0.000866405 0.999991
156.036996 0.00326805 0.0273232 0.132031 -0.00138871 -0.00395406 -0.000888705 0.999991
156.132996 0.00308162 0.0272609 0.132165 -0.00143869 -0.00361794 -0.000922057 0.999992
156.232996 0.00269581 0.0273712 0.133219 -0.00148619 -0.00296234 -0.000958647 0.999994
156.340996 0.00244118 0.0275478 0.133277 -0.00147213 -0.00214497 -0.000954117 0.999996
156.432996 0.00232356 0.0276043 0.13247 -0.0013873 -0.0017296 -0.00089878 0.999997
156.532996 0.00259739 0.0277014 0.12997 -0.00105643 -0.00216035 -0.000886666 0.999997
156.632996 0.00264182 0.0278982 0.130726 -0.00111545 -0.00355729 -0.000950974 0.999993
156.732996 0.00314295 0.0279292 0.132196 -0.00127481 -0.00469619 -0.000882189 0.999988
156.832996 0.00414109 0.0276991 0.135571 -0.00141476 -0.00541347 -0.000814016 0.999984
156.932996 0.00423526 0.0278146 0.139072 -0.00149647 -0.00503982 -0.000850265 0.999986
157.040996 0.00407497 0.0279025 0.139757 -0.00121041 -0.00417582 -0.000923982 0.99999
157.132996 0.0042207 0.0277672 0.139595 -0.000962041 -0.00352074 -0.000924122 0.999993
157.236996 0.00452252 0.0277849 0.137286 -0.000831137 -0.0029574 -0.00086063 0.999995
157.332996 0.00379292 0.0279773 0.133374 -0.00111827 -0.00244042 -0.000847084 0.999996
157.436996 0.00285222 0.0282043 0.128531 -0.00149459 -0.00244337 -0.000862339 0.999996
157.532996 0.0023607 0.0279761 0.125019 -0.0019866 -0.00278331 -0.000880158 0.999994
157.632996 0.00263341 0.0272376 0.123633 -0.00257871 -0.00299755 -0.00090223 0.999992
157.736996 0.00403463 0.0263469 0.122702 -0.00329876 -0.00297014 -0.000896304 0.99999
157.832996 0.00550268 0.0259516 0.121328 -0.00388216 -0.00317006 -0.000871463 0.999987
157.932996 0.00592783 0.0260346 0.119447 -0.0042367 -0.00346233 -0.000873266 0.999985
158.032996 0.00474624 0.0261836 0.1185 -0.00443026 -0.00348296 -0.000851658 0.999984
158.132996 0.00246038 0.0268585 0.117092 -0.00341379 -0.00278348 -0.000885274 0.99999
158.232996 0.000964417 0.0274856 0.116531 -0.00260721 -0.00178482 -0.000946334 0.999995
158.332996 0.00112139 0.027532 0.116765 -0.00253577 -0.000890737 -0.000977229 0.999996
158.432996 0.000939924 0.0273289 0.116566 -0.00286173 3.12778e-05 -0.00101205 0.999995
158.532996 0.00149201 0.0270961 0.115662 -0.00311271 -0.00023824 -0.000997951 0.999995
158.632996 0.00310763 0.0269176 0.113224 -0.00347136 -0.00108862 -0.000987923 0.999993
158.732996 0.0042224 0.0268705 0.112115 -0.00368609 -0.00217259 -0.000973293 0.99999
158.832996 0.00405735 0.0270323 0.111404 -0.0038379 -0.00322557 -0.000913368 0.999987
158.932996 0.0036865 0.027262 0.113777 -0.00374812 -0.0041006 -0.000836074 0.999984
159.036996 0.00480402 0.0271107 0.11702 -0.00355831 -0.00484966 -0.000747513 0.999982
159.136996 0.00677732 0.026823 0.122405 -0.003511 -0.00537173 -0.000691918 0.999979
159.232996 0.00936015 0.0269232 0.129222 -0.00306148 -0.00517879 -0.000732585 0.999982
159.332996 0.00916116 0.0274808 0.132177 -0.00246682 -0.00391429 -0.000823559 0.999989
159.436996 0.00695239 0.0283313 0.136265 -0.00213688 -0.00269263 -0.000895716 0.999994
159.532996 0.00441877 0.0295761 0.137677 -0.000991615 -0.00290938 -0.000896067 0.999995
159.632996 0.00423744 0.0300873 0.138661 -0.000341079 -0.00454283 -0.00083063 0.999989
159.732996 0.00587566 0.0296219 0.136642 -0.000319563 -0.00584199 -0.000736185 0.999983
159.832996 0.00821934 0.02898 0.136109 -0.000852569 -0.00610674 -0.000702256 0.999981
159.932996 0.00830425 0.0288141 0.136132 -0.00115061 -0.00556834 -0.000744075 0.999984
160.032996 0.00749806 0.0289382 0.135146 -0.00133653 -0.00480738 -0.000794141 0.999987
160.132996 0.00641101 0.0291199 0.135179 -0.00160276 -0.00379278 -0.00080864 0.999991
160.228996 0.00527193 0.0294847 0.13462 -0.00167703 -0.0031142 -0.000861582 0.999993
160.332996 3.29147e-05 0.0285406 0.133515 -0.00213924 -0.0026966 0.00209658 0.999992
160.432996 -0.0255596 0.0252091 0.125676 -0.00571069 -0.00398198 0.00761204 0.999947
160.532996 -0.0700818 0.0241445 0.12225 -0.00778344 -0.0073246 0.0135109 0.999852
160.628996 -0.119235 0.0276527 0.129028 -0.00429252 -0.011327 0.0170937 0.999781
160.732996 -0.160021 0.0295471 0.124618 -0.00197648 -0.0116338 0.0201058 0.999728
160.836996 -0.199437 0.0295644 0.118769 -0.0028816 -0.0102075 0.0247836 0.999637
160.928996 -0.00632936 0.00256219 -0.0602153 -0.00737006 -0.0135797 0.0022827 0.999878
161.032996 0.104937 -0.0297939 -0.15252 -0.0225553 -0.00790642 -0.0122557 0.999639
